(kicad_pcb (version 20171130) (host pcbnew 5.0.2+dfsg1-1)

  (general
    (thickness 1.6)
    (drawings 46)
    (tracks 993)
    (zones 0)
    (modules 85)
    (nets 155)
  )

  (page A4)
  (title_block
    (date "mar. 31 mars 2015")
  )

  (layers
    (0 F.Cu signal)
    (31 B.Cu signal)
    (32 B.Adhes user hide)
    (33 F.Adhes user hide)
    (34 B.Paste user hide)
    (35 F.Paste user hide)
    (36 B.SilkS user)
    (37 F.SilkS user)
    (38 B.Mask user)
    (39 F.Mask user)
    (40 Dwgs.User user hide)
    (41 Cmts.User user hide)
    (42 Eco1.User user hide)
    (43 Eco2.User user hide)
    (44 Edge.Cuts user)
    (45 Margin user hide)
    (46 B.CrtYd user hide)
    (47 F.CrtYd user hide)
    (48 B.Fab user hide)
    (49 F.Fab user hide)
  )

  (setup
    (last_trace_width 0.25)
    (trace_clearance 0.2)
    (zone_clearance 0.4)
    (zone_45_only no)
    (trace_min 0.2)
    (segment_width 0.15)
    (edge_width 0.15)
    (via_size 0.6)
    (via_drill 0.4)
    (via_min_size 0.4)
    (via_min_drill 0.3)
    (uvia_size 0.3)
    (uvia_drill 0.1)
    (uvias_allowed no)
    (uvia_min_size 0.2)
    (uvia_min_drill 0.1)
    (pcb_text_width 0.3)
    (pcb_text_size 1.5 1.5)
    (mod_edge_width 0.15)
    (mod_text_size 1 1)
    (mod_text_width 0.15)
    (pad_size 4.064 4.064)
    (pad_drill 3.048)
    (pad_to_mask_clearance 0)
    (solder_mask_min_width 0.25)
    (aux_axis_origin 103.378 121.666)
    (visible_elements 7FFFFFFF)
    (pcbplotparams
      (layerselection 0x010fc_ffffffff)
      (usegerberextensions false)
      (usegerberattributes false)
      (usegerberadvancedattributes false)
      (creategerberjobfile false)
      (excludeedgelayer true)
      (linewidth 0.100000)
      (plotframeref false)
      (viasonmask false)
      (mode 1)
      (useauxorigin false)
      (hpglpennumber 1)
      (hpglpenspeed 20)
      (hpglpendiameter 15.000000)
      (psnegative false)
      (psa4output false)
      (plotreference true)
      (plotvalue true)
      (plotinvisibletext false)
      (padsonsilk false)
      (subtractmaskfromsilk false)
      (outputformat 1)
      (mirror false)
      (drillshape 0)
      (scaleselection 1)
      (outputdirectory "gerber_files/"))
  )

  (net 0 "")
  (net 1 GND)
  (net 2 "/52(SCK)")
  (net 3 "/53(SS)")
  (net 4 "/50(MISO)")
  (net 5 "/51(MOSI)")
  (net 6 /48)
  (net 7 /49)
  (net 8 /46)
  (net 9 /47)
  (net 10 /44)
  (net 11 /45)
  (net 12 /42)
  (net 13 /43)
  (net 14 /40)
  (net 15 /41)
  (net 16 /38)
  (net 17 /39)
  (net 18 /36)
  (net 19 /37)
  (net 20 /34)
  (net 21 /35)
  (net 22 /32)
  (net 23 /33)
  (net 24 /30)
  (net 25 /31)
  (net 26 /28)
  (net 27 /29)
  (net 28 /26)
  (net 29 /27)
  (net 30 +5V)
  (net 31 /IOREF)
  (net 32 /Reset)
  (net 33 /A0)
  (net 34 /A1)
  (net 35 /A2)
  (net 36 /A3)
  (net 37 /A4)
  (net 38 /A5)
  (net 39 /A6)
  (net 40 /A7)
  (net 41 /A8)
  (net 42 /A9)
  (net 43 /A10)
  (net 44 /A11)
  (net 45 /A12)
  (net 46 /A13)
  (net 47 /A14)
  (net 48 /A15)
  (net 49 /SCL)
  (net 50 /SDA)
  (net 51 /AREF)
  (net 52 "/13(**)")
  (net 53 "/12(**)")
  (net 54 "/11(**)")
  (net 55 "/10(**)")
  (net 56 "/9(**)")
  (net 57 "/8(**)")
  (net 58 "/7(**)")
  (net 59 "/20(SDA)")
  (net 60 "/21(SCL)")
  (net 61 "Net-(P8-Pad1)")
  (net 62 "Net-(P10-Pad1)")
  (net 63 "Net-(P11-Pad1)")
  (net 64 "Net-(P13-Pad1)")
  (net 65 +3V3)
  (net 66 "/1(Tx0)")
  (net 67 "/0(Rx0)")
  (net 68 "/14(Tx3)")
  (net 69 "/15(Rx3)")
  (net 70 "/16(Tx2)")
  (net 71 "/17(Rx2)")
  (net 72 "/18(Tx1)")
  (net 73 "/19(Rx1)")
  (net 74 "Net-(C5-Pad1)")
  (net 75 "Net-(C5-Pad2)")
  (net 76 "/Vin(12V)")
  (net 77 "Net-(C9-Pad2)")
  (net 78 "Net-(C10-Pad2)")
  (net 79 "Net-(C11-Pad2)")
  (net 80 "Net-(D7-Pad2)")
  (net 81 "Net-(D8-Pad2)")
  (net 82 "Net-(D9-Pad2)")
  (net 83 /RS485_B1)
  (net 84 /RS485_A1)
  (net 85 "Net-(J3-Pad2)")
  (net 86 "Net-(J4-Pad2)")
  (net 87 "Net-(J4-Pad4)")
  (net 88 "Net-(J4-Pad6)")
  (net 89 "Net-(J7-Pad1)")
  (net 90 "Net-(J7-Pad2)")
  (net 91 "Net-(J7-Pad3)")
  (net 92 "Net-(J7-Pad4)")
  (net 93 "Net-(J7-Pad6)")
  (net 94 "Net-(J7-Pad7)")
  (net 95 "Net-(J7-Pad8)")
  (net 96 "Net-(J7-Pad9)")
  (net 97 "Net-(J8-Pad9)")
  (net 98 "Net-(J8-Pad8)")
  (net 99 "Net-(J8-Pad7)")
  (net 100 "Net-(J8-Pad6)")
  (net 101 "Net-(J8-Pad4)")
  (net 102 "Net-(J8-Pad3)")
  (net 103 "Net-(J8-Pad2)")
  (net 104 "Net-(J8-Pad1)")
  (net 105 /AUTO_DIR1)
  (net 106 "Net-(JP1-Pad2)")
  (net 107 "Net-(P1-Pad1)")
  (net 108 +5VP)
  (net 109 /RS485_TX1)
  (net 110 "Net-(Q5-Pad3)")
  (net 111 "Net-(Q8-Pad3)")
  (net 112 /RS232_TTL_RX1)
  (net 113 /RS485_RX1)
  (net 114 /RS232_TTL_TX1)
  (net 115 "Net-(C4-Pad1)")
  (net 116 "Net-(C4-Pad2)")
  (net 117 "Net-(C8-Pad1)")
  (net 118 "Net-(C8-Pad2)")
  (net 119 "Net-(C11-Pad1)")
  (net 120 "Net-(D10-Pad2)")
  (net 121 "Net-(D11-Pad2)")
  (net 122 "Net-(Q9-Pad3)")
  (net 123 "Net-(Q10-Pad3)")
  (net 124 "Net-(Q11-Pad3)")
  (net 125 "Net-(R2-Pad1)")
  (net 126 "Net-(R13-Pad2)")
  (net 127 "Net-(R10-Pad1)")
  (net 128 "Net-(R16-Pad1)")
  (net 129 "Net-(J5-Pad2)")
  (net 130 /RS485_B2)
  (net 131 /RS485_A2)
  (net 132 "Net-(J5-Pad4)")
  (net 133 "Net-(J5-Pad6)")
  (net 134 "Net-(J6-Pad1)")
  (net 135 "Net-(J6-Pad2)")
  (net 136 "Net-(JP2-Pad2)")
  (net 137 /AUTO_DIR2)
  (net 138 "/6(**)")
  (net 139 "/5(**)")
  (net 140 "/4(**)")
  (net 141 "/3(**)")
  (net 142 "/2(**)")
  (net 143 /RS485_TX2)
  (net 144 "Net-(R12-Pad1)")
  (net 145 /RS232_TTL_TX2)
  (net 146 /RS485_RX2)
  (net 147 /RS232_TTL_RX2)
  (net 148 "Net-(Q3-Pad3)")
  (net 149 "/24(ATX_SEN)")
  (net 150 "/25(SYNC)")
  (net 151 "/23(DIR1)")
  (net 152 "/22(DIR2)")
  (net 153 "Net-(D2-Pad1)")
  (net 154 "Net-(D4-Pad1)")

  (net_class Default "This is the default net class."
    (clearance 0.2)
    (trace_width 0.25)
    (via_dia 0.6)
    (via_drill 0.4)
    (uvia_dia 0.3)
    (uvia_drill 0.1)
    (add_net +3V3)
    (add_net +5V)
    (add_net +5VP)
    (add_net "/0(Rx0)")
    (add_net "/1(Tx0)")
    (add_net "/10(**)")
    (add_net "/11(**)")
    (add_net "/12(**)")
    (add_net "/13(**)")
    (add_net "/14(Tx3)")
    (add_net "/15(Rx3)")
    (add_net "/16(Tx2)")
    (add_net "/17(Rx2)")
    (add_net "/18(Tx1)")
    (add_net "/19(Rx1)")
    (add_net "/2(**)")
    (add_net "/20(SDA)")
    (add_net "/21(SCL)")
    (add_net "/22(DIR2)")
    (add_net "/23(DIR1)")
    (add_net "/24(ATX_SEN)")
    (add_net "/25(SYNC)")
    (add_net /26)
    (add_net /27)
    (add_net /28)
    (add_net /29)
    (add_net "/3(**)")
    (add_net /30)
    (add_net /31)
    (add_net /32)
    (add_net /33)
    (add_net /34)
    (add_net /35)
    (add_net /36)
    (add_net /37)
    (add_net /38)
    (add_net /39)
    (add_net "/4(**)")
    (add_net /40)
    (add_net /41)
    (add_net /42)
    (add_net /43)
    (add_net /44)
    (add_net /45)
    (add_net /46)
    (add_net /47)
    (add_net /48)
    (add_net /49)
    (add_net "/5(**)")
    (add_net "/50(MISO)")
    (add_net "/51(MOSI)")
    (add_net "/52(SCK)")
    (add_net "/53(SS)")
    (add_net "/6(**)")
    (add_net "/7(**)")
    (add_net "/8(**)")
    (add_net "/9(**)")
    (add_net /A0)
    (add_net /A1)
    (add_net /A10)
    (add_net /A11)
    (add_net /A12)
    (add_net /A13)
    (add_net /A14)
    (add_net /A15)
    (add_net /A2)
    (add_net /A3)
    (add_net /A4)
    (add_net /A5)
    (add_net /A6)
    (add_net /A7)
    (add_net /A8)
    (add_net /A9)
    (add_net /AREF)
    (add_net /AUTO_DIR1)
    (add_net /AUTO_DIR2)
    (add_net /IOREF)
    (add_net /RS232_TTL_RX1)
    (add_net /RS232_TTL_RX2)
    (add_net /RS232_TTL_TX1)
    (add_net /RS232_TTL_TX2)
    (add_net /RS485_A1)
    (add_net /RS485_A2)
    (add_net /RS485_B1)
    (add_net /RS485_B2)
    (add_net /RS485_RX1)
    (add_net /RS485_RX2)
    (add_net /RS485_TX1)
    (add_net /RS485_TX2)
    (add_net /Reset)
    (add_net /SCL)
    (add_net /SDA)
    (add_net "/Vin(12V)")
    (add_net GND)
    (add_net "Net-(C10-Pad2)")
    (add_net "Net-(C11-Pad1)")
    (add_net "Net-(C11-Pad2)")
    (add_net "Net-(C4-Pad1)")
    (add_net "Net-(C4-Pad2)")
    (add_net "Net-(C5-Pad1)")
    (add_net "Net-(C5-Pad2)")
    (add_net "Net-(C8-Pad1)")
    (add_net "Net-(C8-Pad2)")
    (add_net "Net-(C9-Pad2)")
    (add_net "Net-(D10-Pad2)")
    (add_net "Net-(D11-Pad2)")
    (add_net "Net-(D2-Pad1)")
    (add_net "Net-(D4-Pad1)")
    (add_net "Net-(D7-Pad2)")
    (add_net "Net-(D8-Pad2)")
    (add_net "Net-(D9-Pad2)")
    (add_net "Net-(J3-Pad2)")
    (add_net "Net-(J4-Pad2)")
    (add_net "Net-(J4-Pad4)")
    (add_net "Net-(J4-Pad6)")
    (add_net "Net-(J5-Pad2)")
    (add_net "Net-(J5-Pad4)")
    (add_net "Net-(J5-Pad6)")
    (add_net "Net-(J6-Pad1)")
    (add_net "Net-(J6-Pad2)")
    (add_net "Net-(J7-Pad1)")
    (add_net "Net-(J7-Pad2)")
    (add_net "Net-(J7-Pad3)")
    (add_net "Net-(J7-Pad4)")
    (add_net "Net-(J7-Pad6)")
    (add_net "Net-(J7-Pad7)")
    (add_net "Net-(J7-Pad8)")
    (add_net "Net-(J7-Pad9)")
    (add_net "Net-(J8-Pad1)")
    (add_net "Net-(J8-Pad2)")
    (add_net "Net-(J8-Pad3)")
    (add_net "Net-(J8-Pad4)")
    (add_net "Net-(J8-Pad6)")
    (add_net "Net-(J8-Pad7)")
    (add_net "Net-(J8-Pad8)")
    (add_net "Net-(J8-Pad9)")
    (add_net "Net-(JP1-Pad2)")
    (add_net "Net-(JP2-Pad2)")
    (add_net "Net-(P1-Pad1)")
    (add_net "Net-(P10-Pad1)")
    (add_net "Net-(P11-Pad1)")
    (add_net "Net-(P13-Pad1)")
    (add_net "Net-(P8-Pad1)")
    (add_net "Net-(Q10-Pad3)")
    (add_net "Net-(Q11-Pad3)")
    (add_net "Net-(Q3-Pad3)")
    (add_net "Net-(Q5-Pad3)")
    (add_net "Net-(Q8-Pad3)")
    (add_net "Net-(Q9-Pad3)")
    (add_net "Net-(R10-Pad1)")
    (add_net "Net-(R12-Pad1)")
    (add_net "Net-(R13-Pad2)")
    (add_net "Net-(R16-Pad1)")
    (add_net "Net-(R2-Pad1)")
  )

  (module Socket_Arduino_Mega:Arduino_1pin locked (layer F.Cu) (tedit 5524FDC4) (tstamp 5524FE20)
    (at 193.548 70.866)
    (descr "module 1 pin (ou trou mecanique de percage)")
    (tags DEV)
    (path /56D711F0)
    (fp_text reference P13 (at 0 -3.048) (layer F.SilkS) hide
      (effects (font (size 1 1) (thickness 0.15)))
    )
    (fp_text value CONN_01X01 (at 0 2.794) (layer F.Fab) hide
      (effects (font (size 1 1) (thickness 0.15)))
    )
    (fp_circle (center 0 0) (end 0 -2.286) (layer F.SilkS) (width 0.15))
    (pad 1 thru_hole circle (at 0 0) (size 4.064 4.064) (drill 3.048) (layers *.Cu *.Mask F.SilkS)
      (net 64 "Net-(P13-Pad1)"))
  )

  (module Socket_Arduino_Mega:Socket_Strip_Arduino_1x08 locked (layer F.Cu) (tedit 551AFC73) (tstamp 551AFD71)
    (at 171.958 70.866)
    (descr "Through hole socket strip")
    (tags "socket strip")
    (path /56D73F2C)
    (fp_text reference P7 (at 8.89 2.794) (layer F.SilkS)
      (effects (font (size 1 1) (thickness 0.15)))
    )
    (fp_text value Communication (at 8.89 4.064) (layer F.Fab)
      (effects (font (size 1 1) (thickness 0.15)))
    )
    (fp_line (start -1.75 -1.75) (end -1.75 1.75) (layer F.CrtYd) (width 0.05))
    (fp_line (start 19.55 -1.75) (end 19.55 1.75) (layer F.CrtYd) (width 0.05))
    (fp_line (start -1.75 -1.75) (end 19.55 -1.75) (layer F.CrtYd) (width 0.05))
    (fp_line (start -1.75 1.75) (end 19.55 1.75) (layer F.CrtYd) (width 0.05))
    (fp_line (start 1.27 1.27) (end 19.05 1.27) (layer F.SilkS) (width 0.15))
    (fp_line (start 19.05 1.27) (end 19.05 -1.27) (layer F.SilkS) (width 0.15))
    (fp_line (start 19.05 -1.27) (end 1.27 -1.27) (layer F.SilkS) (width 0.15))
    (fp_line (start -1.55 1.55) (end 0 1.55) (layer F.SilkS) (width 0.15))
    (fp_line (start 1.27 1.27) (end 1.27 -1.27) (layer F.SilkS) (width 0.15))
    (fp_line (start 0 -1.55) (end -1.55 -1.55) (layer F.SilkS) (width 0.15))
    (fp_line (start -1.55 -1.55) (end -1.55 1.55) (layer F.SilkS) (width 0.15))
    (pad 1 thru_hole oval (at 0 0) (size 1.7272 2.032) (drill 1.016) (layers *.Cu *.Mask F.SilkS)
      (net 68 "/14(Tx3)"))
    (pad 2 thru_hole oval (at 2.54 0) (size 1.7272 2.032) (drill 1.016) (layers *.Cu *.Mask F.SilkS)
      (net 69 "/15(Rx3)"))
    (pad 3 thru_hole oval (at 5.08 0) (size 1.7272 2.032) (drill 1.016) (layers *.Cu *.Mask F.SilkS)
      (net 70 "/16(Tx2)"))
    (pad 4 thru_hole oval (at 7.62 0) (size 1.7272 2.032) (drill 1.016) (layers *.Cu *.Mask F.SilkS)
      (net 71 "/17(Rx2)"))
    (pad 5 thru_hole oval (at 10.16 0) (size 1.7272 2.032) (drill 1.016) (layers *.Cu *.Mask F.SilkS)
      (net 72 "/18(Tx1)"))
    (pad 6 thru_hole oval (at 12.7 0) (size 1.7272 2.032) (drill 1.016) (layers *.Cu *.Mask F.SilkS)
      (net 73 "/19(Rx1)"))
    (pad 7 thru_hole oval (at 15.24 0) (size 1.7272 2.032) (drill 1.016) (layers *.Cu *.Mask F.SilkS)
      (net 59 "/20(SDA)"))
    (pad 8 thru_hole oval (at 17.78 0) (size 1.7272 2.032) (drill 1.016) (layers *.Cu *.Mask F.SilkS)
      (net 60 "/21(SCL)"))
    (model ${KIPRJMOD}/Socket_Arduino_Mega.3dshapes/Socket_header_Arduino_1x08.wrl
      (offset (xyz 8.889999866485596 0 0))
      (scale (xyz 1 1 1))
      (rotate (xyz 0 0 180))
    )
  )

  (module Package_TO_SOT_SMD:SOT-23 (layer F.Cu) (tedit 5A02FF57) (tstamp 5CF62811)
    (at 171.93 75.94 270)
    (descr "SOT-23, Standard")
    (tags SOT-23)
    (path /5D6C77D6)
    (attr smd)
    (fp_text reference Q10 (at 0.06 20.93) (layer F.SilkS)
      (effects (font (size 1 1) (thickness 0.15)))
    )
    (fp_text value FDN340P (at 0 2.5 270) (layer F.Fab)
      (effects (font (size 1 1) (thickness 0.15)))
    )
    (fp_line (start 0.76 1.58) (end -0.7 1.58) (layer F.SilkS) (width 0.12))
    (fp_line (start 0.76 -1.58) (end -1.4 -1.58) (layer F.SilkS) (width 0.12))
    (fp_line (start -1.7 1.75) (end -1.7 -1.75) (layer F.CrtYd) (width 0.05))
    (fp_line (start 1.7 1.75) (end -1.7 1.75) (layer F.CrtYd) (width 0.05))
    (fp_line (start 1.7 -1.75) (end 1.7 1.75) (layer F.CrtYd) (width 0.05))
    (fp_line (start -1.7 -1.75) (end 1.7 -1.75) (layer F.CrtYd) (width 0.05))
    (fp_line (start 0.76 -1.58) (end 0.76 -0.65) (layer F.SilkS) (width 0.12))
    (fp_line (start 0.76 1.58) (end 0.76 0.65) (layer F.SilkS) (width 0.12))
    (fp_line (start -0.7 1.52) (end 0.7 1.52) (layer F.Fab) (width 0.1))
    (fp_line (start 0.7 -1.52) (end 0.7 1.52) (layer F.Fab) (width 0.1))
    (fp_line (start -0.7 -0.95) (end -0.15 -1.52) (layer F.Fab) (width 0.1))
    (fp_line (start -0.15 -1.52) (end 0.7 -1.52) (layer F.Fab) (width 0.1))
    (fp_line (start -0.7 -0.95) (end -0.7 1.5) (layer F.Fab) (width 0.1))
    (fp_text user %R (at 0 0) (layer F.Fab)
      (effects (font (size 0.5 0.5) (thickness 0.075)))
    )
    (pad 3 smd rect (at 1 0 270) (size 0.9 0.8) (layers F.Cu F.Paste F.Mask)
      (net 123 "Net-(Q10-Pad3)"))
    (pad 2 smd rect (at -1 0.95 270) (size 0.9 0.8) (layers F.Cu F.Paste F.Mask)
      (net 108 +5VP))
    (pad 1 smd rect (at -1 -0.95 270) (size 0.9 0.8) (layers F.Cu F.Paste F.Mask)
      (net 70 "/16(Tx2)"))
    (model ${KISYS3DMOD}/Package_TO_SOT_SMD.3dshapes/SOT-23.wrl
      (at (xyz 0 0 0))
      (scale (xyz 1 1 1))
      (rotate (xyz 0 0 0))
    )
  )

  (module Connector_Dsub:DSUB-9_Female_Vertical_P2.77x2.84mm_MountingHoles (layer F.Cu) (tedit 5CDE1F0E) (tstamp 5D51257A)
    (at 187.62 95.415 90)
    (descr "9-pin D-Sub connector, straight/vertical, THT-mount, female, pitch 2.77x2.84mm, distance of mounting holes 25mm, see https://disti-assets.s3.amazonaws.com/tonar/files/datasheets/16730.pdf")
    (tags "9-pin D-Sub connector straight vertical THT female pitch 2.77x2.84mm mounting holes distance 25mm")
    (path /5CD571E2)
    (fp_text reference J7 (at -5.54 -5.89 90) (layer F.SilkS) hide
      (effects (font (size 1 1) (thickness 0.15)))
    )
    (fp_text value RS232_1 (at -5.54 8.73 90) (layer F.Fab)
      (effects (font (size 1 1) (thickness 0.15)))
    )
    (fp_arc (start -19.965 -3.83) (end -20.965 -3.83) (angle 90) (layer F.Fab) (width 0.1))
    (fp_arc (start 8.885 -3.83) (end 8.885 -4.83) (angle 90) (layer F.Fab) (width 0.1))
    (fp_arc (start -19.965 6.67) (end -20.965 6.67) (angle -90) (layer F.Fab) (width 0.1))
    (fp_arc (start 8.885 6.67) (end 9.885 6.67) (angle 90) (layer F.Fab) (width 0.1))
    (fp_arc (start -19.965 -3.83) (end -21.025 -3.83) (angle 90) (layer F.SilkS) (width 0.12))
    (fp_arc (start 8.885 -3.83) (end 8.885 -4.89) (angle 90) (layer F.SilkS) (width 0.12))
    (fp_arc (start -19.965 6.67) (end -21.025 6.67) (angle -90) (layer F.SilkS) (width 0.12))
    (fp_arc (start 8.885 6.67) (end 9.945 6.67) (angle 90) (layer F.SilkS) (width 0.12))
    (fp_arc (start -11.783194 -0.93) (end -11.783194 -2.53) (angle -100) (layer F.Fab) (width 0.1))
    (fp_arc (start 0.703194 -0.93) (end 0.703194 -2.53) (angle 100) (layer F.Fab) (width 0.1))
    (fp_arc (start -10.954457 3.77) (end -10.954457 5.37) (angle 80) (layer F.Fab) (width 0.1))
    (fp_arc (start -0.125543 3.77) (end -0.125543 5.37) (angle -80) (layer F.Fab) (width 0.1))
    (fp_arc (start -11.771689 -0.93) (end -11.771689 -2.59) (angle -100) (layer F.SilkS) (width 0.12))
    (fp_arc (start 0.691689 -0.93) (end 0.691689 -2.59) (angle 100) (layer F.SilkS) (width 0.12))
    (fp_arc (start -10.942952 3.77) (end -10.942952 5.43) (angle 80) (layer F.SilkS) (width 0.12))
    (fp_arc (start -0.137048 3.77) (end -0.137048 5.43) (angle -80) (layer F.SilkS) (width 0.12))
    (fp_line (start -19.965 -4.83) (end 8.885 -4.83) (layer F.Fab) (width 0.1))
    (fp_line (start 9.885 -3.83) (end 9.885 6.67) (layer F.Fab) (width 0.1))
    (fp_line (start 8.885 7.67) (end -19.965 7.67) (layer F.Fab) (width 0.1))
    (fp_line (start -20.965 6.67) (end -20.965 -3.83) (layer F.Fab) (width 0.1))
    (fp_line (start -19.965 -4.89) (end 8.885 -4.89) (layer F.SilkS) (width 0.12))
    (fp_line (start 9.945 -3.83) (end 9.945 6.67) (layer F.SilkS) (width 0.12))
    (fp_line (start 8.885 7.73) (end -19.965 7.73) (layer F.SilkS) (width 0.12))
    (fp_line (start -21.025 6.67) (end -21.025 -3.83) (layer F.SilkS) (width 0.12))
    (fp_line (start -0.25 -5.784338) (end 0.25 -5.784338) (layer F.SilkS) (width 0.12))
    (fp_line (start 0.25 -5.784338) (end 0 -5.351325) (layer F.SilkS) (width 0.12))
    (fp_line (start 0 -5.351325) (end -0.25 -5.784338) (layer F.SilkS) (width 0.12))
    (fp_line (start -11.783194 -2.53) (end 0.703194 -2.53) (layer F.Fab) (width 0.1))
    (fp_line (start -10.954457 5.37) (end -0.125543 5.37) (layer F.Fab) (width 0.1))
    (fp_line (start 2.278887 -0.652163) (end 1.45015 4.047837) (layer F.Fab) (width 0.1))
    (fp_line (start -13.358887 -0.652163) (end -12.53015 4.047837) (layer F.Fab) (width 0.1))
    (fp_line (start -11.771689 -2.59) (end 0.691689 -2.59) (layer F.SilkS) (width 0.12))
    (fp_line (start -10.942952 5.43) (end -0.137048 5.43) (layer F.SilkS) (width 0.12))
    (fp_line (start 2.32647 -0.641744) (end 1.497733 4.058256) (layer F.SilkS) (width 0.12))
    (fp_line (start -13.40647 -0.641744) (end -12.577733 4.058256) (layer F.SilkS) (width 0.12))
    (fp_line (start -21.5 -5.35) (end -21.5 8.2) (layer F.CrtYd) (width 0.05))
    (fp_line (start -21.5 8.2) (end 10.4 8.2) (layer F.CrtYd) (width 0.05))
    (fp_line (start 10.4 8.2) (end 10.4 -5.35) (layer F.CrtYd) (width 0.05))
    (fp_line (start 10.4 -5.35) (end -21.5 -5.35) (layer F.CrtYd) (width 0.05))
    (fp_text user %R (at -5.54 1.42 90) (layer F.Fab)
      (effects (font (size 1 1) (thickness 0.15)))
    )
    (pad 1 thru_hole rect (at 0 0 90) (size 1.6 1.6) (drill 1) (layers *.Cu *.Mask)
      (net 89 "Net-(J7-Pad1)"))
    (pad 2 thru_hole circle (at -2.77 0 90) (size 1.6 1.6) (drill 1) (layers *.Cu *.Mask)
      (net 90 "Net-(J7-Pad2)"))
    (pad 3 thru_hole circle (at -5.54 0 90) (size 1.6 1.6) (drill 1) (layers *.Cu *.Mask)
      (net 91 "Net-(J7-Pad3)"))
    (pad 4 thru_hole circle (at -8.31 0 90) (size 1.6 1.6) (drill 1) (layers *.Cu *.Mask)
      (net 92 "Net-(J7-Pad4)"))
    (pad 5 thru_hole circle (at -11.08 0 90) (size 1.6 1.6) (drill 1) (layers *.Cu *.Mask)
      (net 1 GND))
    (pad 6 thru_hole circle (at -1.385 2.84 90) (size 1.6 1.6) (drill 1) (layers *.Cu *.Mask)
      (net 93 "Net-(J7-Pad6)"))
    (pad 7 thru_hole circle (at -4.155 2.84 90) (size 1.6 1.6) (drill 1) (layers *.Cu *.Mask)
      (net 94 "Net-(J7-Pad7)"))
    (pad 8 thru_hole circle (at -6.925 2.84 90) (size 1.6 1.6) (drill 1) (layers *.Cu *.Mask)
      (net 95 "Net-(J7-Pad8)"))
    (pad 9 thru_hole circle (at -9.695 2.84 90) (size 1.6 1.6) (drill 1) (layers *.Cu *.Mask)
      (net 96 "Net-(J7-Pad9)"))
    (pad 0 thru_hole circle (at -18.04 1.42 90) (size 4 4) (drill 3.2) (layers *.Cu *.Mask)
      (net 1 GND))
    (pad 0 thru_hole circle (at 6.96 1.42 90) (size 4 4) (drill 3.2) (layers *.Cu *.Mask)
      (net 1 GND))
    (model ${KISYS3DMOD}/Connector_Dsub.3dshapes/DSUB-9_Female_Vertical_P2.77x2.84mm_MountingHoles.wrl
      (at (xyz 0 0 0))
      (scale (xyz 1 1 1))
      (rotate (xyz 0 0 0))
    )
  )

  (module Connector_Dsub:DSUB-9_Female_Vertical_P2.77x2.84mm_MountingHoles (layer F.Cu) (tedit 5CDE1F11) (tstamp 5D060CD6)
    (at 170.6 95.415 90)
    (descr "9-pin D-Sub connector, straight/vertical, THT-mount, female, pitch 2.77x2.84mm, distance of mounting holes 25mm, see https://disti-assets.s3.amazonaws.com/tonar/files/datasheets/16730.pdf")
    (tags "9-pin D-Sub connector straight vertical THT female pitch 2.77x2.84mm mounting holes distance 25mm")
    (path /5CD572C0)
    (fp_text reference J8 (at -5.54 -5.89 90) (layer F.SilkS) hide
      (effects (font (size 1 1) (thickness 0.15)))
    )
    (fp_text value RS232_2 (at -5.54 8.73 90) (layer F.Fab)
      (effects (font (size 1 1) (thickness 0.15)))
    )
    (fp_text user %R (at -5.54 1.42 90) (layer F.Fab)
      (effects (font (size 1 1) (thickness 0.15)))
    )
    (fp_line (start 10.4 -5.35) (end -21.5 -5.35) (layer F.CrtYd) (width 0.05))
    (fp_line (start 10.4 8.2) (end 10.4 -5.35) (layer F.CrtYd) (width 0.05))
    (fp_line (start -21.5 8.2) (end 10.4 8.2) (layer F.CrtYd) (width 0.05))
    (fp_line (start -21.5 -5.35) (end -21.5 8.2) (layer F.CrtYd) (width 0.05))
    (fp_line (start -13.40647 -0.641744) (end -12.577733 4.058256) (layer F.SilkS) (width 0.12))
    (fp_line (start 2.32647 -0.641744) (end 1.497733 4.058256) (layer F.SilkS) (width 0.12))
    (fp_line (start -10.942952 5.43) (end -0.137048 5.43) (layer F.SilkS) (width 0.12))
    (fp_line (start -11.771689 -2.59) (end 0.691689 -2.59) (layer F.SilkS) (width 0.12))
    (fp_line (start -13.358887 -0.652163) (end -12.53015 4.047837) (layer F.Fab) (width 0.1))
    (fp_line (start 2.278887 -0.652163) (end 1.45015 4.047837) (layer F.Fab) (width 0.1))
    (fp_line (start -10.954457 5.37) (end -0.125543 5.37) (layer F.Fab) (width 0.1))
    (fp_line (start -11.783194 -2.53) (end 0.703194 -2.53) (layer F.Fab) (width 0.1))
    (fp_line (start 0 -5.351325) (end -0.25 -5.784338) (layer F.SilkS) (width 0.12))
    (fp_line (start 0.25 -5.784338) (end 0 -5.351325) (layer F.SilkS) (width 0.12))
    (fp_line (start -0.25 -5.784338) (end 0.25 -5.784338) (layer F.SilkS) (width 0.12))
    (fp_line (start -21.025 6.67) (end -21.025 -3.83) (layer F.SilkS) (width 0.12))
    (fp_line (start 8.885 7.73) (end -19.965 7.73) (layer F.SilkS) (width 0.12))
    (fp_line (start 9.945 -3.83) (end 9.945 6.67) (layer F.SilkS) (width 0.12))
    (fp_line (start -19.965 -4.89) (end 8.885 -4.89) (layer F.SilkS) (width 0.12))
    (fp_line (start -20.965 6.67) (end -20.965 -3.83) (layer F.Fab) (width 0.1))
    (fp_line (start 8.885 7.67) (end -19.965 7.67) (layer F.Fab) (width 0.1))
    (fp_line (start 9.885 -3.83) (end 9.885 6.67) (layer F.Fab) (width 0.1))
    (fp_line (start -19.965 -4.83) (end 8.885 -4.83) (layer F.Fab) (width 0.1))
    (fp_arc (start -0.137048 3.77) (end -0.137048 5.43) (angle -80) (layer F.SilkS) (width 0.12))
    (fp_arc (start -10.942952 3.77) (end -10.942952 5.43) (angle 80) (layer F.SilkS) (width 0.12))
    (fp_arc (start 0.691689 -0.93) (end 0.691689 -2.59) (angle 100) (layer F.SilkS) (width 0.12))
    (fp_arc (start -11.771689 -0.93) (end -11.771689 -2.59) (angle -100) (layer F.SilkS) (width 0.12))
    (fp_arc (start -0.125543 3.77) (end -0.125543 5.37) (angle -80) (layer F.Fab) (width 0.1))
    (fp_arc (start -10.954457 3.77) (end -10.954457 5.37) (angle 80) (layer F.Fab) (width 0.1))
    (fp_arc (start 0.703194 -0.93) (end 0.703194 -2.53) (angle 100) (layer F.Fab) (width 0.1))
    (fp_arc (start -11.783194 -0.93) (end -11.783194 -2.53) (angle -100) (layer F.Fab) (width 0.1))
    (fp_arc (start 8.885 6.67) (end 9.945 6.67) (angle 90) (layer F.SilkS) (width 0.12))
    (fp_arc (start -19.965 6.67) (end -21.025 6.67) (angle -90) (layer F.SilkS) (width 0.12))
    (fp_arc (start 8.885 -3.83) (end 8.885 -4.89) (angle 90) (layer F.SilkS) (width 0.12))
    (fp_arc (start -19.965 -3.83) (end -21.025 -3.83) (angle 90) (layer F.SilkS) (width 0.12))
    (fp_arc (start 8.885 6.67) (end 9.885 6.67) (angle 90) (layer F.Fab) (width 0.1))
    (fp_arc (start -19.965 6.67) (end -20.965 6.67) (angle -90) (layer F.Fab) (width 0.1))
    (fp_arc (start 8.885 -3.83) (end 8.885 -4.83) (angle 90) (layer F.Fab) (width 0.1))
    (fp_arc (start -19.965 -3.83) (end -20.965 -3.83) (angle 90) (layer F.Fab) (width 0.1))
    (pad 0 thru_hole circle (at 6.96 1.42 90) (size 4 4) (drill 3.2) (layers *.Cu *.Mask)
      (net 1 GND))
    (pad 0 thru_hole circle (at -18.04 1.42 90) (size 4 4) (drill 3.2) (layers *.Cu *.Mask)
      (net 1 GND))
    (pad 9 thru_hole circle (at -9.695 2.84 90) (size 1.6 1.6) (drill 1) (layers *.Cu *.Mask)
      (net 97 "Net-(J8-Pad9)"))
    (pad 8 thru_hole circle (at -6.925 2.84 90) (size 1.6 1.6) (drill 1) (layers *.Cu *.Mask)
      (net 98 "Net-(J8-Pad8)"))
    (pad 7 thru_hole circle (at -4.155 2.84 90) (size 1.6 1.6) (drill 1) (layers *.Cu *.Mask)
      (net 99 "Net-(J8-Pad7)"))
    (pad 6 thru_hole circle (at -1.385 2.84 90) (size 1.6 1.6) (drill 1) (layers *.Cu *.Mask)
      (net 100 "Net-(J8-Pad6)"))
    (pad 5 thru_hole circle (at -11.08 0 90) (size 1.6 1.6) (drill 1) (layers *.Cu *.Mask)
      (net 1 GND))
    (pad 4 thru_hole circle (at -8.31 0 90) (size 1.6 1.6) (drill 1) (layers *.Cu *.Mask)
      (net 101 "Net-(J8-Pad4)"))
    (pad 3 thru_hole circle (at -5.54 0 90) (size 1.6 1.6) (drill 1) (layers *.Cu *.Mask)
      (net 102 "Net-(J8-Pad3)"))
    (pad 2 thru_hole circle (at -2.77 0 90) (size 1.6 1.6) (drill 1) (layers *.Cu *.Mask)
      (net 103 "Net-(J8-Pad2)"))
    (pad 1 thru_hole rect (at 0 0 90) (size 1.6 1.6) (drill 1) (layers *.Cu *.Mask)
      (net 104 "Net-(J8-Pad1)"))
    (model ${KISYS3DMOD}/Connector_Dsub.3dshapes/DSUB-9_Female_Vertical_P2.77x2.84mm_MountingHoles.wrl
      (at (xyz 0 0 0))
      (scale (xyz 1 1 1))
      (rotate (xyz 0 0 0))
    )
  )

  (module Capacitor_SMD:C_0805_2012Metric (layer F.Cu) (tedit 5B36C52B) (tstamp 5CF62725)
    (at 157.98 91.64)
    (descr "Capacitor SMD 0805 (2012 Metric), square (rectangular) end terminal, IPC_7351 nominal, (Body size source: https://docs.google.com/spreadsheets/d/1BsfQQcO9C6DZCsRaXUlFlo91Tg2WpOkGARC1WS5S8t0/edit?usp=sharing), generated with kicad-footprint-generator")
    (tags capacitor)
    (path /5CD578CA)
    (attr smd)
    (fp_text reference C8 (at -0.02 -1.51 180) (layer F.SilkS)
      (effects (font (size 1 1) (thickness 0.15)))
    )
    (fp_text value 100n/50V (at 0 1.65) (layer F.Fab)
      (effects (font (size 1 1) (thickness 0.15)))
    )
    (fp_line (start -1 0.6) (end -1 -0.6) (layer F.Fab) (width 0.1))
    (fp_line (start -1 -0.6) (end 1 -0.6) (layer F.Fab) (width 0.1))
    (fp_line (start 1 -0.6) (end 1 0.6) (layer F.Fab) (width 0.1))
    (fp_line (start 1 0.6) (end -1 0.6) (layer F.Fab) (width 0.1))
    (fp_line (start -0.258578 -0.71) (end 0.258578 -0.71) (layer F.SilkS) (width 0.12))
    (fp_line (start -0.258578 0.71) (end 0.258578 0.71) (layer F.SilkS) (width 0.12))
    (fp_line (start -1.68 0.95) (end -1.68 -0.95) (layer F.CrtYd) (width 0.05))
    (fp_line (start -1.68 -0.95) (end 1.68 -0.95) (layer F.CrtYd) (width 0.05))
    (fp_line (start 1.68 -0.95) (end 1.68 0.95) (layer F.CrtYd) (width 0.05))
    (fp_line (start 1.68 0.95) (end -1.68 0.95) (layer F.CrtYd) (width 0.05))
    (fp_text user %R (at 0 0) (layer F.Fab)
      (effects (font (size 0.5 0.5) (thickness 0.08)))
    )
    (pad 1 smd roundrect (at -0.9375 0) (size 0.975 1.4) (layers F.Cu F.Paste F.Mask) (roundrect_rratio 0.25)
      (net 117 "Net-(C8-Pad1)"))
    (pad 2 smd roundrect (at 0.9375 0) (size 0.975 1.4) (layers F.Cu F.Paste F.Mask) (roundrect_rratio 0.25)
      (net 118 "Net-(C8-Pad2)"))
    (model ${KISYS3DMOD}/Capacitor_SMD.3dshapes/C_0805_2012Metric.wrl
      (at (xyz 0 0 0))
      (scale (xyz 1 1 1))
      (rotate (xyz 0 0 0))
    )
  )

  (module Package_DIP:SMDIP-4_W9.53mm (layer F.Cu) (tedit 5A02E8C5) (tstamp 5CF9CA5A)
    (at 157.2 98)
    (descr "4-lead surface-mounted (SMD) DIP package, row spacing 9.53 mm (375 mils)")
    (tags "SMD DIP DIL PDIP SMDIP 2.54mm 9.53mm 375mil")
    (path /5D9D1295)
    (attr smd)
    (fp_text reference U5 (at -0.11 -3.75) (layer F.SilkS)
      (effects (font (size 1 1) (thickness 0.15)))
    )
    (fp_text value LTV-817S (at 0 3.6) (layer F.Fab)
      (effects (font (size 1 1) (thickness 0.15)))
    )
    (fp_arc (start 0 -2.6) (end -1 -2.6) (angle -180) (layer F.SilkS) (width 0.12))
    (fp_line (start -2.175 -2.54) (end 3.175 -2.54) (layer F.Fab) (width 0.1))
    (fp_line (start 3.175 -2.54) (end 3.175 2.54) (layer F.Fab) (width 0.1))
    (fp_line (start 3.175 2.54) (end -3.175 2.54) (layer F.Fab) (width 0.1))
    (fp_line (start -3.175 2.54) (end -3.175 -1.54) (layer F.Fab) (width 0.1))
    (fp_line (start -3.175 -1.54) (end -2.175 -2.54) (layer F.Fab) (width 0.1))
    (fp_line (start -1 -2.6) (end -3.235 -2.6) (layer F.SilkS) (width 0.12))
    (fp_line (start -3.235 -2.6) (end -3.235 2.6) (layer F.SilkS) (width 0.12))
    (fp_line (start -3.235 2.6) (end 3.235 2.6) (layer F.SilkS) (width 0.12))
    (fp_line (start 3.235 2.6) (end 3.235 -2.6) (layer F.SilkS) (width 0.12))
    (fp_line (start 3.235 -2.6) (end 1 -2.6) (layer F.SilkS) (width 0.12))
    (fp_line (start -6.05 -2.8) (end -6.05 2.8) (layer F.CrtYd) (width 0.05))
    (fp_line (start -6.05 2.8) (end 6.05 2.8) (layer F.CrtYd) (width 0.05))
    (fp_line (start 6.05 2.8) (end 6.05 -2.8) (layer F.CrtYd) (width 0.05))
    (fp_line (start 6.05 -2.8) (end -6.05 -2.8) (layer F.CrtYd) (width 0.05))
    (fp_text user %R (at 0 0) (layer F.Fab)
      (effects (font (size 1 1) (thickness 0.15)))
    )
    (pad 1 smd rect (at -4.765 -1.27) (size 2 1.78) (layers F.Cu F.Paste F.Mask)
      (net 144 "Net-(R12-Pad1)"))
    (pad 3 smd rect (at 4.765 1.27) (size 2 1.78) (layers F.Cu F.Paste F.Mask)
      (net 149 "/24(ATX_SEN)"))
    (pad 2 smd rect (at -4.765 1.27) (size 2 1.78) (layers F.Cu F.Paste F.Mask)
      (net 134 "Net-(J6-Pad1)"))
    (pad 4 smd rect (at 4.765 -1.27) (size 2 1.78) (layers F.Cu F.Paste F.Mask)
      (net 31 /IOREF))
    (model ${KISYS3DMOD}/Package_DIP.3dshapes/SMDIP-4_W9.53mm.wrl
      (at (xyz 0 0 0))
      (scale (xyz 1 1 1))
      (rotate (xyz 0 0 0))
    )
  )

  (module Resistor_SMD:R_0805_2012Metric (layer F.Cu) (tedit 5B36C52B) (tstamp 5CF9C9E2)
    (at 150 98 270)
    (descr "Resistor SMD 0805 (2012 Metric), square (rectangular) end terminal, IPC_7351 nominal, (Body size source: https://docs.google.com/spreadsheets/d/1BsfQQcO9C6DZCsRaXUlFlo91Tg2WpOkGARC1WS5S8t0/edit?usp=sharing), generated with kicad-footprint-generator")
    (tags resistor)
    (path /5DAB4D57)
    (attr smd)
    (fp_text reference R12 (at -3.4 -0.93 180) (layer F.SilkS)
      (effects (font (size 1 1) (thickness 0.15)))
    )
    (fp_text value 1K (at 0 1.65 270) (layer F.Fab)
      (effects (font (size 1 1) (thickness 0.15)))
    )
    (fp_line (start -1 0.6) (end -1 -0.6) (layer F.Fab) (width 0.1))
    (fp_line (start -1 -0.6) (end 1 -0.6) (layer F.Fab) (width 0.1))
    (fp_line (start 1 -0.6) (end 1 0.6) (layer F.Fab) (width 0.1))
    (fp_line (start 1 0.6) (end -1 0.6) (layer F.Fab) (width 0.1))
    (fp_line (start -0.258578 -0.71) (end 0.258578 -0.71) (layer F.SilkS) (width 0.12))
    (fp_line (start -0.258578 0.71) (end 0.258578 0.71) (layer F.SilkS) (width 0.12))
    (fp_line (start -1.68 0.95) (end -1.68 -0.95) (layer F.CrtYd) (width 0.05))
    (fp_line (start -1.68 -0.95) (end 1.68 -0.95) (layer F.CrtYd) (width 0.05))
    (fp_line (start 1.68 -0.95) (end 1.68 0.95) (layer F.CrtYd) (width 0.05))
    (fp_line (start 1.68 0.95) (end -1.68 0.95) (layer F.CrtYd) (width 0.05))
    (fp_text user %R (at 0 0 270) (layer F.Fab)
      (effects (font (size 0.5 0.5) (thickness 0.08)))
    )
    (pad 1 smd roundrect (at -0.9375 0 270) (size 0.975 1.4) (layers F.Cu F.Paste F.Mask) (roundrect_rratio 0.25)
      (net 144 "Net-(R12-Pad1)"))
    (pad 2 smd roundrect (at 0.9375 0 270) (size 0.975 1.4) (layers F.Cu F.Paste F.Mask) (roundrect_rratio 0.25)
      (net 135 "Net-(J6-Pad2)"))
    (model ${KISYS3DMOD}/Resistor_SMD.3dshapes/R_0805_2012Metric.wrl
      (at (xyz 0 0 0))
      (scale (xyz 1 1 1))
      (rotate (xyz 0 0 0))
    )
  )

  (module Resistor_SMD:R_0805_2012Metric (layer F.Cu) (tedit 5B36C52B) (tstamp 5D05FB37)
    (at 161.73 111.99 270)
    (descr "Resistor SMD 0805 (2012 Metric), square (rectangular) end terminal, IPC_7351 nominal, (Body size source: https://docs.google.com/spreadsheets/d/1BsfQQcO9C6DZCsRaXUlFlo91Tg2WpOkGARC1WS5S8t0/edit?usp=sharing), generated with kicad-footprint-generator")
    (tags resistor)
    (path /5D204E37)
    (attr smd)
    (fp_text reference R8 (at 2.25 0) (layer F.SilkS)
      (effects (font (size 1 1) (thickness 0.15)))
    )
    (fp_text value 10K (at 0 1.65 270) (layer F.Fab)
      (effects (font (size 1 1) (thickness 0.15)))
    )
    (fp_text user %R (at 0 0 270) (layer F.Fab)
      (effects (font (size 0.5 0.5) (thickness 0.08)))
    )
    (fp_line (start 1.68 0.95) (end -1.68 0.95) (layer F.CrtYd) (width 0.05))
    (fp_line (start 1.68 -0.95) (end 1.68 0.95) (layer F.CrtYd) (width 0.05))
    (fp_line (start -1.68 -0.95) (end 1.68 -0.95) (layer F.CrtYd) (width 0.05))
    (fp_line (start -1.68 0.95) (end -1.68 -0.95) (layer F.CrtYd) (width 0.05))
    (fp_line (start -0.258578 0.71) (end 0.258578 0.71) (layer F.SilkS) (width 0.12))
    (fp_line (start -0.258578 -0.71) (end 0.258578 -0.71) (layer F.SilkS) (width 0.12))
    (fp_line (start 1 0.6) (end -1 0.6) (layer F.Fab) (width 0.1))
    (fp_line (start 1 -0.6) (end 1 0.6) (layer F.Fab) (width 0.1))
    (fp_line (start -1 -0.6) (end 1 -0.6) (layer F.Fab) (width 0.1))
    (fp_line (start -1 0.6) (end -1 -0.6) (layer F.Fab) (width 0.1))
    (pad 2 smd roundrect (at 0.9375 0 270) (size 0.975 1.4) (layers F.Cu F.Paste F.Mask) (roundrect_rratio 0.25)
      (net 150 "/25(SYNC)"))
    (pad 1 smd roundrect (at -0.9375 0 270) (size 0.975 1.4) (layers F.Cu F.Paste F.Mask) (roundrect_rratio 0.25)
      (net 1 GND))
    (model ${KISYS3DMOD}/Resistor_SMD.3dshapes/R_0805_2012Metric.wrl
      (at (xyz 0 0 0))
      (scale (xyz 1 1 1))
      (rotate (xyz 0 0 0))
    )
  )

  (module Package_SO:TSSOP-16_4.4x5mm_P0.65mm (layer F.Cu) (tedit 5A02F25C) (tstamp 5D0626B3)
    (at 157.91 85.321215 90)
    (descr "16-Lead Plastic Thin Shrink Small Outline (ST)-4.4 mm Body [TSSOP] (see Microchip Packaging Specification 00000049BS.pdf)")
    (tags "SSOP 0.65")
    (path /5CD575C7)
    (attr smd)
    (fp_text reference U7 (at 2.951215 3.944091 180) (layer F.SilkS)
      (effects (font (size 1 1) (thickness 0.15)))
    )
    (fp_text value MAX3232 (at 0 3.55 90) (layer F.Fab)
      (effects (font (size 1 1) (thickness 0.15)))
    )
    (fp_line (start -1.2 -2.5) (end 2.2 -2.5) (layer F.Fab) (width 0.15))
    (fp_line (start 2.2 -2.5) (end 2.2 2.5) (layer F.Fab) (width 0.15))
    (fp_line (start 2.2 2.5) (end -2.2 2.5) (layer F.Fab) (width 0.15))
    (fp_line (start -2.2 2.5) (end -2.2 -1.5) (layer F.Fab) (width 0.15))
    (fp_line (start -2.2 -1.5) (end -1.2 -2.5) (layer F.Fab) (width 0.15))
    (fp_line (start -3.95 -2.9) (end -3.95 2.8) (layer F.CrtYd) (width 0.05))
    (fp_line (start 3.95 -2.9) (end 3.95 2.8) (layer F.CrtYd) (width 0.05))
    (fp_line (start -3.95 -2.9) (end 3.95 -2.9) (layer F.CrtYd) (width 0.05))
    (fp_line (start -3.95 2.8) (end 3.95 2.8) (layer F.CrtYd) (width 0.05))
    (fp_line (start -2.2 2.725) (end 2.2 2.725) (layer F.SilkS) (width 0.15))
    (fp_line (start -3.775 -2.8) (end 2.2 -2.8) (layer F.SilkS) (width 0.15))
    (fp_text user %R (at 0 0 90) (layer F.Fab)
      (effects (font (size 0.8 0.8) (thickness 0.15)))
    )
    (pad 1 smd rect (at -2.95 -2.275 90) (size 1.5 0.45) (layers F.Cu F.Paste F.Mask)
      (net 119 "Net-(C11-Pad1)"))
    (pad 2 smd rect (at -2.95 -1.625 90) (size 1.5 0.45) (layers F.Cu F.Paste F.Mask)
      (net 77 "Net-(C9-Pad2)"))
    (pad 3 smd rect (at -2.95 -0.975 90) (size 1.5 0.45) (layers F.Cu F.Paste F.Mask)
      (net 79 "Net-(C11-Pad2)"))
    (pad 4 smd rect (at -2.95 -0.325 90) (size 1.5 0.45) (layers F.Cu F.Paste F.Mask)
      (net 117 "Net-(C8-Pad1)"))
    (pad 5 smd rect (at -2.95 0.325 90) (size 1.5 0.45) (layers F.Cu F.Paste F.Mask)
      (net 118 "Net-(C8-Pad2)"))
    (pad 6 smd rect (at -2.95 0.975 90) (size 1.5 0.45) (layers F.Cu F.Paste F.Mask)
      (net 78 "Net-(C10-Pad2)"))
    (pad 7 smd rect (at -2.95 1.625 90) (size 1.5 0.45) (layers F.Cu F.Paste F.Mask)
      (net 102 "Net-(J8-Pad3)"))
    (pad 8 smd rect (at -2.95 2.275 90) (size 1.5 0.45) (layers F.Cu F.Paste F.Mask)
      (net 103 "Net-(J8-Pad2)"))
    (pad 9 smd rect (at 2.95 2.275 90) (size 1.5 0.45) (layers F.Cu F.Paste F.Mask)
      (net 147 /RS232_TTL_RX2))
    (pad 10 smd rect (at 2.95 1.625 90) (size 1.5 0.45) (layers F.Cu F.Paste F.Mask)
      (net 145 /RS232_TTL_TX2))
    (pad 11 smd rect (at 2.95 0.975 90) (size 1.5 0.45) (layers F.Cu F.Paste F.Mask)
      (net 114 /RS232_TTL_TX1))
    (pad 12 smd rect (at 2.95 0.325 90) (size 1.5 0.45) (layers F.Cu F.Paste F.Mask)
      (net 112 /RS232_TTL_RX1))
    (pad 13 smd rect (at 2.95 -0.325 90) (size 1.5 0.45) (layers F.Cu F.Paste F.Mask)
      (net 90 "Net-(J7-Pad2)"))
    (pad 14 smd rect (at 2.95 -0.975 90) (size 1.5 0.45) (layers F.Cu F.Paste F.Mask)
      (net 91 "Net-(J7-Pad3)"))
    (pad 15 smd rect (at 2.95 -1.625 90) (size 1.5 0.45) (layers F.Cu F.Paste F.Mask)
      (net 1 GND))
    (pad 16 smd rect (at 2.95 -2.275 90) (size 1.5 0.45) (layers F.Cu F.Paste F.Mask)
      (net 30 +5V))
    (model ${KISYS3DMOD}/Package_SO.3dshapes/TSSOP-16_4.4x5mm_P0.65mm.wrl
      (at (xyz 0 0 0))
      (scale (xyz 1 1 1))
      (rotate (xyz 0 0 0))
    )
  )

  (module Package_TO_SOT_SMD:SOT-23 (layer F.Cu) (tedit 5A02FF57) (tstamp 5CF60C2F)
    (at 136.02 97.56)
    (descr "SOT-23, Standard")
    (tags SOT-23)
    (path /5CE1BB38)
    (attr smd)
    (fp_text reference Q1 (at 0.07 2.72 180) (layer F.SilkS)
      (effects (font (size 1 1) (thickness 0.15)))
    )
    (fp_text value BSS123LT1 (at 0 2.5) (layer F.Fab)
      (effects (font (size 1 1) (thickness 0.15)))
    )
    (fp_text user %R (at 0 0 90) (layer F.Fab)
      (effects (font (size 0.5 0.5) (thickness 0.075)))
    )
    (fp_line (start -0.7 -0.95) (end -0.7 1.5) (layer F.Fab) (width 0.1))
    (fp_line (start -0.15 -1.52) (end 0.7 -1.52) (layer F.Fab) (width 0.1))
    (fp_line (start -0.7 -0.95) (end -0.15 -1.52) (layer F.Fab) (width 0.1))
    (fp_line (start 0.7 -1.52) (end 0.7 1.52) (layer F.Fab) (width 0.1))
    (fp_line (start -0.7 1.52) (end 0.7 1.52) (layer F.Fab) (width 0.1))
    (fp_line (start 0.76 1.58) (end 0.76 0.65) (layer F.SilkS) (width 0.12))
    (fp_line (start 0.76 -1.58) (end 0.76 -0.65) (layer F.SilkS) (width 0.12))
    (fp_line (start -1.7 -1.75) (end 1.7 -1.75) (layer F.CrtYd) (width 0.05))
    (fp_line (start 1.7 -1.75) (end 1.7 1.75) (layer F.CrtYd) (width 0.05))
    (fp_line (start 1.7 1.75) (end -1.7 1.75) (layer F.CrtYd) (width 0.05))
    (fp_line (start -1.7 1.75) (end -1.7 -1.75) (layer F.CrtYd) (width 0.05))
    (fp_line (start 0.76 -1.58) (end -1.4 -1.58) (layer F.SilkS) (width 0.12))
    (fp_line (start 0.76 1.58) (end -0.7 1.58) (layer F.SilkS) (width 0.12))
    (pad 1 smd rect (at -1 -0.95) (size 0.9 0.8) (layers F.Cu F.Paste F.Mask)
      (net 109 /RS485_TX1))
    (pad 2 smd rect (at -1 0.95) (size 0.9 0.8) (layers F.Cu F.Paste F.Mask)
      (net 1 GND))
